0.268571 4.000000 1.000000 -0.100000
0.117241 5.000000 1.000000 0.000000
-0.035156 1.000000 3.000000 0.300000
-0.049180 3.000000 1.000000 -0.300000
0.209877 4.000000 1.000000 -0.100000
0.222222 1.000000 2.000000 0.400000
0.076389 1.000000 2.000000 0.300000
0.039063 1.000000 4.000000 0.100000
-0.054688 1.000000 3.000000 0.400000
0.104895 3.000000 1.000000 -0.400000
0.218750 1.000000 4.000000 0.100000
0.111111 4.000000 1.000000 -0.100000
0.247059 5.000000 1.000000 0.000000
-0.180328 3.000000 1.000000 -0.300000
-0.250000 1.000000 2.000000 0.700000
-0.265625 1.000000 4.000000 0.100000
0.079861 1.000000 3.000000 0.300000
-0.034722 1.000000 2.000000 0.200000
0.125000 1.000000 2.000000 0.400000
0.052632 2.000000 1.000000 0.000000
0.111111 1.000000 1.000000 0.000000
-0.125000 1.000000 4.000000 0.100000
0.037594 2.000000 1.000000 -0.300000
0.132530 3.000000 1.000000 -0.200000
0.131944 1.000000 5.000000 -0.100000
-0.180556 1.000000 5.000000 0.000000
-0.055556 1.000000 2.000000 0.000000
-0.280000 4.000000 1.000000 -0.100000
-0.142857 2.000000 1.000000 -0.400000
0.062500 1.000000 3.000000 0.400000
-0.125000 1.000000 1.000000 -0.500000
-0.164062 1.000000 2.000000 0.200000
-0.020833 1.000000 4.000000 0.100000
0.140940 2.000000 1.000000 -0.200000
-0.328125 1.000000 5.000000 0.000000
-0.006993 3.000000 1.000000 -0.400000
0.111111 4.000000 1.000000 -0.100000
0.125000 1.000000 2.000000 0.400000
0.157895 2.000000 1.000000 0.000000
-0.148437 1.000000 4.000000 0.100000
-0.006944 1.000000 5.000000 0.000000
-0.040650 4.000000 1.000000 -0.100000
-0.142857 2.000000 1.000000 -0.400000
-0.152000 5.000000 1.000000 0.100000
0.222222 1.000000 2.000000 0.400000
0.177143 4.000000 1.000000 -0.100000
-0.082707 2.000000 1.000000 -0.300000
-0.285714 2.000000 1.000000 -0.400000
-0.048611 1.000000 3.000000 0.200000
0.111111 1.000000 1.000000 0.500000
-0.125000 1.000000 1.000000 0.000000
-0.250000 1.000000 4.000000 0.100000
0.033557 2.000000 1.000000 -0.200000
-0.285714 2.000000 1.000000 -0.400000
0.200000 2.000000 1.000000 -0.700000
-0.039063 1.000000 2.000000 0.300000
-0.111111 1.000000 4.000000 0.100000
-0.187500 1.000000 2.000000 0.000000
-0.132812 1.000000 5.000000 0.000000
0.152941 5.000000 1.000000 0.000000
0.006897 5.000000 1.000000 0.000000
0.209877 4.000000 1.000000 -0.100000
